1713992848, 10
4, 78, 201, 200, 2, 0, 3, 2, 3
913, 10015, 15, 57, 42, 19, 37, 36, 1, 32, 33, 36, 0, 33, 52, 53, 55
344, 344, 5, 12, 12, 1, 6, 7, 1, 6, 7, 6, 0, 58, 63
0, 0, 40, 6, 11, 15, (5, 40), (15, 55), 1
%%%%%%%%%%%%%%%%%%%%%%%%%%%%%%%%%%%%%%%%%%%%%%%%%%%%%%%%%%%%%%%%%%%%%%%%%%%%%%%%%.......................::::::::::::::::#::::::::::::::::::::::::::::::::::::::%%.......................::::::::::::::::#::::::::::::::::::::::::::::::::::::::%%...............................::......#.........:::::::::::::::::::::::::::::%%.......................................#..........::::::::::::::::::::::::::::%%^^^^^###################################........%%%%:%%%%%%%%%%%%%%%%%%%%%%%%%%%^^^^^#^........................................%%%%%%%%%%%%%%%%%%%%%%%%%%%%%%%%%^^^^^#^^^.....................................%%%%%%%%%%%%%%%%%%%%%%%%%%%%%%%%%%^^^^^#^^^^......^^^^^^^^^^^^.................%%%%%%%%%%%%%%%%%%%%%%%%%%%%%%%%%%%^^^^^#^^^^^^^^^^^^^^^^^^^^^^^^^............%%%%%%%%%%%%%%%%%%%%%%%%%%%%%%%%%%%%%^^^^^#^^^^^^^^^^^^^^^^^^^^^^^^^^^^^^^^^^^^^^%%%%%%%%%%%%%%%%%%%%%%%%%%%%%%%%%%%%#######################################################%%%%.%%%%%%%%%%%%%%%%%%%%^^^^^#^^^^^^^^^^^^^^^^^^^^^^^^^^^^^^^^^^^~~~%%%%......#.......................%%^^^^^#^^^^^^^^^^^^^^^^^^^^^^^^^^^^^^^~~~~~~~~.........#.......................%%^^^^^#~~~~~~~~~~^^^^^^^^^^^^^^^^~~~~~~~~~~~~~.........#.......................%%~~~~~#~~~~~~~~~~~~~~^^^^^^^^^^^~~~~~~~~~~~~~~.........#########################%~~~~~#~~~~~~~~~~~~~~~~~~^^^^~~~~~~~~~~~~~~~~~~................................%%~~~~~#~~~~~~~~~~~~~~~~~~~~~~~~~~~~~~~~~~~~~~~~~...............................%%~~~~~#~~~~~~~~~~~~~~~~~~~~~~~~~~~~~~~~~~~~~~~~~...............................%%~~~~~#~~~~~~~~~~~~~~~~~~~~~~~~~~~~~~~~~~~~~~..................................%%%%%%%#%%%%%%%%%%%%%%%%%%%%%%%%%%%%%%%%%%%%%%%%%%%%%%%%%%%%%%%%%%%%%%%%%%%%%%%%%
0, 0, 15, 65, 0, 0, 1, 0
585, 585, 1, 236, 236, 100, 149, 127, 0, 179, 6, 5, 539768608, 24, 26
0, 2, 0, 6, 1, 0, 3, 0
675, 675, 2, 310, 310, 100, 263, 171, 1, 123, 6, 6, 0, 2, 4
629, 629, 17, 258, 258, 100, 131, 163, 1, 151, 6, 6, 0, 15, 16
1021, 10123, 13, 272, 272, 100, 165, 163, 1, 203, 6, 7, 0, 1, 3
0, 2, 1, 44, 0, 0, 6, 0
349, 349, 11, 176, 176, 100, 59, 57, 1, 181, 6, 5, 249, 33, 57
978, 10080, 13, 180, 180, 100, 139, 91, 1, 185, 6, 6, 253, 9, 21
722, 722, 12, 256, 256, 100, 145, 133, 1, 95, 6, 6, 495, 14, 31
472, 472, 5, 282, 282, 100, 195, 261, 0, 197, 6, 5, 499, 12, 14
956, 10058, 16, 344, 344, 100, 357, 259, 1, 205, 7, 7, 259, 14, 15
572, 572, 1, 224, 224, 100, 109, 87, 1, 177, 6, 6, 507, 1, 3
0, 4, 1, 73, 0, 0, 6, 0
256, 256, 10, 246, 246, 100, 201, 129, 0, 133, 6, 6, 1769108579, 10, 15
518, 518, 14, 344, 344, 100, 129, 203, 0, 79, 7, 7, 0, 60, 63
165, 165, 7, 190, 190, 100, 49, 91, 1, 145, 6, 5, 0, 4, 8
341, 341, 11, 212, 212, 100, 171, 149, 0, 99, 5, 6, 1, 11, 12
731, 731, 1, 200, 200, 100, 165, 81, 1, 151, 5, 5, 0, 14, 19
555, 555, 10, 324, 324, 100, 301, 115, 1, 215, 6, 5, 0, 7, 29
0, 1, 2, 49, 0, 0, 2, 0
839, 839, 6, 350, 350, 100, 181, 257, 0, 85, 6, 6, 2, 5, 7
438, 438, 6, 240, 240, 100, 175, 225, 0, 35, 6, 5, 32766, 21, 29
0, 5, 5, 12, 5, 0, 3, 0
730, 730, 11, 272, 272, 100, 165, 179, 0, 127, 7, 7, 2, 1, 3
376, 376, 9, 298, 298, 100, 297, 275, 1, 175, 7, 7, 11, 15, 36
565, 565, 11, 264, 264, 100, 237, 293, 0, 87, 6, 6, 131, 44, 55
0, 4, 6, 9, 0, 0, 2, 0
689, 689, 6, 258, 258, 100, 231, 265, 1, 155, 6, 6, 7, 10, 14
769, 769, 8, 242, 242, 100, 127, 177, 1, 55, 6, 6, 40, 28, 71
0, 1, 6, 20, 0, 0, 1, 0
951, 10053, 9, 266, 266, 100, 311, 471, 0, 113, 6, 6, 69, 15, 29
0, 2, 7, 45, 0, 0, 1, 0
943, 10045, 13, 292, 292, 100, 203, 217, 1, 125, 7, 8, 18, 7, 9
0, 0, 8, 11, 0, 0, 5, 0
66, 66, 2, 254, 254, 100, 173, 127, 1, 97, 5, 5, 171384876, 2, 5
627, 627, 1, 260, 260, 100, 177, 117, 0, 155, 6, 6, 824192051, 15, 17
206, 206, 1, 330, 330, 100, 175, 153, 1, 105, 6, 6, 976894522, 29, 36
392, 392, 10, 282, 282, 100, 221, 175, 1, 221, 6, 7, 976894522, 10, 14
115, 115, 1, 348, 348, 100, 201, 193, 1, 207, 6, 5, 70, 4, 5
200, 200, 20, 10, 10, 13, (6, 20), (13, 29), 1
%%%%%%%%%%%%%%%%%%%%#%%%%%%%%%%%%%%%%%%%%%%%%%%%%%%%%%%%%%%%%%%%%%%%%%%%%%%%%%%%%:::::::::::::::::::#MM::::::::::~~~~~~~~~~~~~~~~~~~~~~~~~~~~~~~~~~~~~~~~~~~~~~%%:::::::::::::::::::#MM:::::::::~~~~~~~~~~~~~~~~~~~~~~~~~~~~~~~~~~~~~~~~~~~~~~~%%:::::::::::::::::::#::::::::::~~~~~~~~~~~~~~~~~~~~~~~~~~~~~~~~~...............%%:::::::::::::::::::#::::::::::~~~~~~~~~~~~~~~~~~~~~~~~~.......................%%:::::::::::::::::::#::::::::::::::~~~~~~~~~~~~~~~~~~~~........................%%:::::::::###########:::::::::::~~~~~~~~~~~~~~~~~~~~...........................%%:::::::::#:::::::::::::::::::::~~~~~~~~~~~~~~~~~..............................%%:::::::::#:::::::::::::::::...................................................%%:::::::::#::::::::::::::::::..................................................%##############################.................................................%%CC:::::::#:::::::::::::::%%%#%%%%..................................^^^^^^^^^^^%%CC:::::..#................%%#%%%%%................................^^^^^^^^^^^^%%:::::....#............%%%%%%###################################################%::::.....#............%%%%%%%%%%%%%%.......................^^^^^^^^^^^^^^^^^^^%%:::......#............%%%%%%%%%%%%%%%^^^^^^^^^^^.....^^^^^^^^^^^^^^^^^^^^^^^^^%%.........#..%%%%.%%%%%%%%%%%%%%%%%%%%^^^^^^^^^^^^^^^^^^^^^^^^^^^^^^^^^^^^^^^^^%%.......%%#%%%%%%%%%%%%%%%%%%%%%%%%%%%^^^^^^^^^^^^^^^^^^^^^^^^^^^^^^^^^^^^^^^^^%%......%%%#%%%%%%%%%%%%%%%%%%%%%%%%%%%%^^^^^^^^^^^^^^^^^^^^^^^^^^^^^^^^^^^^^^^^%%%%%%%%%%%#%%%%%%%%%%%%%%%%%%%%%%%%%%%%^^^^^^^^^^^^^^^^^^^^^^^^^^^^^^^^^^^^^^^^%%%%%%%%%%%#%%%%%%%%%%%%%%%%%%%%%%%%%%%%%%%%%%%%%%%%%%%%%%%%%%%%%%%%%%%%%%%%%%%%%
0, 0, 17, 13, 0, 0, 2, 0
543, 543, 7, 11, 11, 1, 6, 6, 0, 6, 5, 5, 0, 36, 41
504, 504, 1, 11, 11, 1, 6, 5, 1, 6, 5, 5, 2147483647, 14, 15
0, 1, 16, 0, 0, 0, 1, 0
867, 867, 5, 12, 12, 1, 7, 8, 0, 5, 7, 6, 0, 63, 89
0, 5, 14, 12, 0, 0, 6, 0
193, 193, 7, 12, 12, 1, 6, 5, 0, 7, 5, 6, 0, 18, 29
155, 155, 10, 11, 11, 1, 6, 6, 1, 6, 6, 6, 0, 15, 29
630, 630, 17, 13, 13, 1, 6, 7, 1, 6, 7, 6, 0, 15, 16
247, 247, 6, 12, 12, 1, 6, 6, 1, 6, 6, 6, 0, 29, 43
666, 666, 7, 12, 12, 1, 6, 6, 1, 7, 6, 6, 0, 16, 63
612, 612, 16, 12, 12, 1, 8, 7, 1, 7, 6, 6, 0, 10, 14
0, 5, 14, 11, 0, 0, 1, 0
1082, 10184, 13, 12, 12, 1, 7, 6, 1, 6, 6, 7, 0, 5, 7
0, 0, 8, 21, 0, 0, 1, 0
745, 745, 6, 12, 12, 1, 7, 6, 1, 7, 6, 6, 0, 14, 28
0, 2, 7, 16, 0, 0, 2, 0
712, 712, 15, 12, 12, 1, 6, 6, 0, 5, 5, 5, 0, 33, 44
292, 292, 7, 11, 11, 1, 6, 5, 0, 5, 5, 5, 0, 10, 15
0, 1, 6, 60, 0, 0, 2, 0
839, 839, 6, 13, 13, 1, 6, 7, 1, 5, 6, 6, 0, 5, 7
299, 299, 6, 11, 11, 1, 5, 7, 0, 5, 6, 5, 0, 33, 70
0, 2, 4, 55, 0, 0, 2, 0
986, 10088, 1, 12, 12, 1, 7, 7, 1, 7, 7, 6, 0, 1, 7
4, 4, 10, 11, 11, 1, 6, 5, 0, 6, 6, 6, 0, 5, 10
0, 1, 3, 55, 0, 0, 1, 0
416, 416, 7, 12, 12, 1, 6, 7, 1, 5, 7, 6, 2147483647, 15, 16
0, 3, 3, 19, 0, 0, 6, 0
359, 359, 17, 12, 12, 1, 7, 6, 0, 6, 6, 6, 1668245619, 10, 15
132, 132, 1, 12, 12, 1, 6, 5, 0, 6, 5, 6, 2147483647, 144, 144
789, 789, 14, 12, 12, 1, 5, 5, 0, 5, 5, 5, 7, 150, 100
517, 517, 14, 12, 12, 1, 5, 5, 0, 5, 6, 6, 2003788897, 49, 86
685, 685, 18, 12, 12, 1, 6, 6, 0, 6, 6, 6, 1886218611, 33, 53
952, 10054, 2, 12, 12, 1, 7, 6, 1, 7, 6, 6, 3, 7, 8
201, 200, 28, 58, 13, 4, (5, 28), (4, 22), 1
%%%%%%%%%%%%%%%%%%%%%%%%%%%%#%%%%%%%%%%%%%%%%%%%%%%%%%%%%%%%%%%%%%%%%%%%%%%%%%%%%...........................#.........~~~~~~~~~~~~~~~~~~~~~~~~~~~~~~:::::::::::%%...........................#.........~~~~~~~~~~~~~~~~~~~~~~~~~~~~:::::::::::::%%...........................#.........~~~~~~~~~~~~~~~~~~~~~~~~~~~~:::::::::::::%%.....................##########################################################%.....................#.....###############################%%::::::::::::::::::%%.....................#..............%%%%%%%%%%%%%%%%%%%%%#%%%%%:::::::::::::::%%.....................#..............%%%%%%%%%%%%%%%%%%%%%#%%%%%:::::::::::::::%%.....................#..............%%%%%%%%%%%%%%%%%%%%%#%%%%%%%%%%%%%:::::::%%.....................#..............%%%%%%%%%%%%%%%%%%%%%#%%%%%%%%%%%%%%%%%%%%%%.....................#..............%%%%%%%%%%%%%%%%%%%%%#%%%%%%%%%%%%%%%%%%%%%%.....................#..............%%%%%%%%%%%%^^^^^^^^^#^%%%%%%%%%%%%%%%%%%%%%.....................#.............^^^^^^^%%%^^^^^^^^^^^^#^^^^^^^^%%%%%%%%%%%%%#######################............^^^^^^^^^^^^^^^^^^^^^^^#^^^^^^^^^^%%%%%%%%%%%%..................................^^^^^^^^^^^^^^^^^^^^^^^#^^^^^^^^^^^^^^^^^%%%%%..................................^^^^^^^^^^^^^^^^^^^^^^^#^^^^^^^^^^^^^^^^^^^^%%...................................^^^^^^^^^^^^^^^^^^^^^^#^^^^^^^^^^^^^^^^^^^^%%...................................^^^^^^^^^^^^^^^^^^^^^^#^^^^^^^^^^^^^^^^^^^^%%...................................^^^^^^^^^^^^^^^^^^^^^^#^^^^^^^^^^^^^^^^^^^^%%...................................^^^^^^^^^^^^^^^^^^^^^^#^^^^^^^^^^^^^^^^^^^^%%%%%%%%%%%%%%%%%%%%%%%%%%%%%%%%%%%%%%%%%%%%%%%%%%%%%%%%%%%#%%%%%%%%%%%%%%%%%%%%%
0, 1, 17, 28, 0, 0, 2, 0
543, 543, 7, 11, 11, 1, 6, 6, 1, 6, 5, 5, 0, 36, 41
744, 744, 6, 12, 12, 1, 6, 5, 0, 6, 5, 5, 0, 33, 37
0, 0, 11, 67, 0, 0, 1, 0
165, 165, 7, 11, 11, 1, 5, 5, 1, 6, 6, 6, 0, 8, 9
0, 2, 9, 20, 0, 0, 1, 0
1008, 10110, 6, 12, 12, 1, 6, 7, 0, 5, 5, 6, 0, 33, 53
0, 4, 9, 15, 0, 0, 1, 0
1062, 10164, 14, 12, 12, 1, 6, 6, 1, 5, 6, 5, 0, 6, 23
0, 2, 6, 8, 0, 0, 2, 0
343, 343, 5, 12, 12, 1, 5, 6, 1, 6, 6, 6, 0, 58, 76
145, 145, 13, 12, 12, 1, 7, 6, 0, 7, 7, 7, 0, 13, 18
0, 0, 5, 75, 0, 0, 1, 0
593, 593, 11, 13, 13, 1, 6, 6, 1, 6, 7, 6, 0, 57, 58
0, 3, 4, 15, 0, 0, 1, 0
464, 464, 5, 13, 13, 1, 8, 7, 0, 6, 6, 6, 0, 14, 15
0, 2, 3, 31, 0, 0, 1, 0
194, 194, 11, 12, 12, 1, 6, 6, 1, 5, 5, 5, 0, 8, 29
0, 1, 3, 13, 0, 0, 3, 0
379, 379, 9, 12, 12, 1, 6, 8, 0, 6, 8, 6, 0, 63, 70
135, 135, 13, 12, 12, 1, 6, 6, 1, 7, 6, 7, 0, 28, 33
1000, 10102, 15, 12, 12, 1, 7, 7, 1, 6, 6, 5, 0, 14, 59
0, 0, 1, 33, 0, 0, 1, 0
360, 360, 14, 13, 13, 1, 5, 6, 1, 5, 5, 5, 0, 150, 204
201, 201, 58, 49, 10, 16, (11, 58), (16, 53), 1
%%%%%%%%%%%%%%%%%%%%%%%%%%%%%%%%%%%%%%%%%%%%%%%%%%%%%%%%%%#%%%%%%%%%%%%%%%%%%%%%%:::::::::::::::::::::::::::::::::::::~~~~~~~~~~~~~~~~~~~~#MM~~~~~~~~~~~~~~~~~~%%::::::::::::::::::::::::::::::::::::::~~~~~~~~~~~~~~~~~~~#MM~~~~~~~~~~~~~~~~~~%%::::::::::::::::::::::::::::::::::::::::~~~~~~~~~~~~~~~~~#~~~~~~~~~~~~~~~~~~~~%%:::::::::::::::::::::::::::::::::::::::::~~~~~~~~~~~~~~~~#~~~~~~~~~~~~~~~~~~~~%%::::::::::::::::::::::::::::::::::::::::::::~~:::::::::::#::~~~~~~~~~~~~~~~~~~%%:::::::::::::::::::::::::::::::::::::::::::::::::::::::::#::::~~~~~~~~~~~~~~~~%%:::::::::::::::::::::::::::::::::::::::::::::::::::::::::#:::::~~~~~~~~~~~~~^^%%:::::::::::::::::::::::::::::::::::::::::::::::::::::::^^#^^^^^^^^^^^^^^^^^^^^%%:::::::::::::::::::::::::::::::::::::::::::::::::::::::^^#^^^^^^^^^^^^^^^^^^^^%######################################################:^^^#^^^^^^^^^^^^^^^^^^^^%%CC::::::::::::::::::::::::::::::::::::::::::::::##########^^^^^^^^^^^^^^^^^^^^%%CC:::::::::::::::........................:::::::#:::#^^^^^^^^^^^^^^^^^^^^^^^^^%%::::::::::::::::.............................:::#.^^#^^^^^^^^^^^^^^^^^^^^^^^^^%%::::::::::::::%%%%%%%%%%%%%%....................#.^^#^^^^^^^^^^^^^^^^^^^^^^^^^%%::::::%%%%%%%%%%%%%%%%%%%%%%%%..................#.^^#^^^^^^^^^^^^^^^^^^^^^^^^^%%%%%%%%%%%%%%%%%%%%%%%%%%%%%%%%%%................#.^^###########################%%%%%%%%%%%%%%%%%%%%%%%%%%%%%%%%%%%%%%%%%%%......#.^^^^^^^^^^^^^^^^^^^^^^^^^^^^%%%%%%%%%%%%%%%%%%%%%%%%%%%%%%%%%%%%%%%...........#..^^^^^^^^^^^^^^^^^^^^^^^^^^^%%%%%%%%%%%%%%%%%%%%%%%%%%%%%%%%%%%%%%%..........^#^^^^^^^^^^^^^^^^^^^^^^^^^^^^^%%%%%%%%%%%%%%%%%%%%%%%%%%%%%%%%%%%%%%%%%%%%%%%%%%#%%%%%%%%%%%%%%%%%%%%%%%%%%%%%%
600, 3, 4, 58, 4, 0, 1, 0
797, 797, 9, 13, 13, 1, 7, 7, 1, 6, 7, 7, 0, 19, 33
600, 1, 7, 23, 0, 0, 1, 0
537, 537, 11, 13, 13, 1, 7, 6, 0, 6, 6, 6, 0, 45, 48
610, 1, 9, 3, 0, 0, 1, 0
751, 751, 11, 11, 11, 1, 6, 6, 0, 5, 6, 5, 0, 57, 58
610, 0, 9, 1, 0, 0, 3, 0
217, 217, 1, 12, 12, 1, 7, 6, 1, 6, 6, 6, 0, 7, 8
647, 647, 11, 12, 12, 1, 6, 6, 0, 7, 7, 7, 0, 14, 15
821, 821, 3, 11, 11, 1, 6, 5, 1, 6, 5, 5, 0, 19, 28
610, 4, 2, 30, 0, 0, 2, 0
142, 142, 6, 12, 12, 1, 7, 6, 1, 7, 6, 6, 0, 13, 17
841, 841, 12, 12, 12, 1, 7, 6, 0, 6, 6, 6, 0, 17, 19
610, 3, 9, 50, 2, 0, 1, 0
763, 763, 12, 12, 12, 1, 7, 7, 0, 6, 7, 6, 0, 3, 75
620, 5, 0, 0, 4, 0, 2, 0
86, 86, 11, 12, 12, 1, 6, 6, 1, 5, 6, 5, 0, 6, 29
703, 703, 6, 12, 12, 1, 6, 8, 0, 6, 8, 6, 0, 33, 92
99999, 2, 2, 40, 0, 0, 6, 0
364, 364, 15, 12, 12, 1, 6, 6, 1, 6, 6, 6, 0, 45, 46
190, 190, 1, 12, 12, 1, 6, 6, 1, 6, 6, 5, 0, 3, 7
197, 197, 17, 12, 12, 1, 6, 7, 0, 6, 7, 6, 0, 15, 29
1018, 10120, 16, 15, 15, 1, 7, 7, 0, 6, 7, 6, 0, 44, 63
165, 165, 7, 11, 11, 1, 5, 5, 0, 6, 6, 5, 0, 8, 9
81, 81, 13, 11, 11, 1, 5, 6, 1, 6, 6, 6, 0, 33, 36
99999, 2, 18, 51, 0, 0, 2, 0
498, 498, 10, 12, 12, 1, 6, 6, 0, 6, 6, 6, 0, 33, 34
1004, 10106, 5, 11, 11, 1, 7, 6, 1, 7, 6, 6, 0, 28, 45
100249, 5, 15, 2, 5, 0, 4, 0
434, 434, 4, 12, 12, 1, 6, 6, 1, 6, 5, 6, 0, 10, 15
1025, 10127, 11, 11, 11, 1, 8, 7, 0, 5, 7, 7, 0, 45, 54
711, 711, 8, 12, 12, 1, 6, 7, 0, 6, 6, 6, 0, 53, 63
654, 654, 10, 12, 12, 1, 6, 6, 0, 6, 6, 6, 0, 10, 15
